0.44997335052991233 0.21774326152616302 0.24116758566786023 0.2001961481623261 0.0
0.0 0.0 0.0 0.30641093017805854 0.0
0.17618842908243787 0.0 0.0 0.0 0.0
0.0 0.0 0.0 0.0 0.0
0.5161446501803024 0.38344637622525957 0.0 0.36381207419293793 0.0
0.0 0.0 0.0 0.0 0.0
0.22054975199871052 0.060484482484881044 0.06780716865722575 0.0 0.0
0.0 0.0 0.0 0.0 -0.99951171875
0.3704184866923531 0.6152807957741103 0.06083575766988215 0.2566886533868059 0.0
0.5143026368123564 0.6332706152498793 0.5186448763518845 0.4351856460895714 0.0
0.28874370748326844 0.7587149472588628 0.1930091354310186 0.44861131581593217 0.0
0.0 0.0 0.0 0.0 1.0
