0.59049 0.11957415972055876 0.2619102149677277 0.49822572467058307 0.0 
0.0 0.0 0.0 0.39858067746273235 0.0 
0.0 0.0 0.0 0.0 0.0 
0.0 0.0 0.0 0.0 0.0 
0.6560999999999999 0.29036261827468873 0.26572049926731617 0.44286749997284425 0.0 
0.0 0.0 0.0 0.0 0.0 
0.50625 0.0 0.0 0.0 0.0 
0.0 0.0 0.0 0.0 -0.5 
0.0 0.7289999999999999 0.5165115868500803 0.0 0.0 
0.546749999999998 0.8099999999999998 0.36449999999999994 0.49207497152454216 0.0 
0.0 0.8999999999999999 0.09112500000000001 0.3644256105422974 0.0 
0.0 0.0 0.0 0.0 1.0 
