0.0 0.0 0.0 0.0 0.0 
0.0 0.0 0.0 0.0 0.0 
0.0 0.0 0.0 0.0 0.0 
0.0 0.0 0.0 0.0 0.0 
0.0 0.0 0.0 0.0 0.0 
0.0 0.0 0.0 0.0 0.0 
0.0 0.0 0.0 0.0 0.0 
-4.502075782494851 -4.502921431588689 -4.442493231563393 -4.496482780093787 0.0 
0.0 0.0 0.0 0.0 0.0 
0.0 0.0 0.0 0.0 0.0 
0.0 0.0 0.0 0.0 0.0 
0.0 0.0 0.0 0.0 0.0 
0.0 0.0 0.0 0.0 0.0 
0.0 0.0 0.0 0.0 0.0 
0.0 0.0 0.0 0.0 0.0 
0.0 0.0 0.0 0.0 0.0 
0.0 0.0 0.0 0.0 0.0 
0.0 0.0 0.0 0.0 0.0 
0.0 0.0 0.0 0.0 0.0 
0.0 0.0 0.0 0.0 0.0 
0.0 0.0 0.0 0.0 0.0 
0.0 0.0 0.0 0.0 0.0 
0.0 0.0 0.0 0.0 0.0 
0.0 0.0 0.0 0.0 0.0 
0.0 0.0 0.0 0.0 0.0 
0.0 0.0 0.0 0.0 0.0 
0.0 0.0 0.0 0.0 0.0 
0.0 0.0 0.0 0.0 0.0 
0.0 0.0 0.0 0.0 0.0 
0.0 0.0 0.0 0.0 0.0 
0.0 0.0 0.0 0.0 0.0 
-4.5483176875300035 -4.363881040863594 -4.510228050856236 -4.546738921328844 0.0 
0.0 0.0 0.0 0.0 0.0 
0.0 0.0 0.0 0.0 0.0 
0.0 0.0 0.0 0.0 0.0 
0.0 0.0 0.0 0.0 0.0 
0.0 0.0 0.0 0.0 0.0 
0.0 0.0 0.0 0.0 0.0 
0.0 0.0 0.0 0.0 0.0 
0.0 0.0 0.0 0.0 0.0 
0.0 0.0 0.0 0.0 0.0 
0.0 0.0 0.0 0.0 0.0 
0.0 0.0 0.0 0.0 0.0 
0.0 0.0 0.0 0.0 0.0 
0.0 0.0 0.0 0.0 0.0 
0.0 0.0 0.0 0.0 0.0 
0.0 0.0 0.0 0.0 0.0 
0.0 0.0 0.0 0.0 0.0 
0.0 0.0 0.0 0.0 0.0 
0.0 0.0 0.0 0.0 0.0 
0.0 0.0 0.0 0.0 0.0 
0.0 0.0 0.0 0.0 0.0 
0.0 0.0 0.0 0.0 0.0 
0.0 0.0 0.0 0.0 0.0 
0.0 0.0 0.0 0.0 0.0 
-4.525772840389544 -4.530116923464439 -4.454892553930976 -4.531710008422559 0.0 
0.0 0.0 0.0 0.0 0.0 
0.0 0.0 0.0 0.0 0.0 
0.0 0.0 0.0 0.0 0.0 
0.0 0.0 0.0 0.0 0.0 
0.0 0.0 0.0 0.0 0.0 
0.0 0.0 0.0 0.0 0.0 
0.0 0.0 0.0 0.0 0.0 
0.0 0.0 0.0 0.0 0.0 
0.0 0.0 0.0 0.0 0.0 
0.0 0.0 0.0 0.0 0.0 
0.0 0.0 0.0 0.0 0.0 
0.0 0.0 0.0 0.0 0.0 
0.0 0.0 0.0 0.0 0.0 
0.0 0.0 0.0 0.0 0.0 
0.0 0.0 0.0 0.0 0.0 
0.0 0.0 0.0 0.0 0.0 
0.0 0.0 0.0 0.0 0.0 
0.0 0.0 0.0 0.0 0.0 
0.0 0.0 0.0 0.0 0.0 
0.0 0.0 0.0 0.0 0.0 
0.0 0.0 0.0 0.0 0.0 
0.0 0.0 0.0 0.0 0.0 
0.0 0.0 0.0 0.0 0.0 
-4.451674735679635 -4.355224835147404 -4.449711138464396 -4.449451125189367 0.0 
0.0 0.0 0.0 0.0 0.0 
0.0 0.0 0.0 0.0 0.0 
0.0 0.0 0.0 0.0 0.0 
0.0 0.0 0.0 0.0 0.0 
0.0 0.0 0.0 0.0 0.0 
0.0 0.0 0.0 0.0 0.0 
0.0 0.0 0.0 0.0 0.0 
0.0 0.0 0.0 0.0 0.0 
0.0 0.0 0.0 0.0 0.0 
0.0 0.0 0.0 0.0 0.0 
0.0 0.0 0.0 0.0 0.0 
0.0 0.0 0.0 0.0 0.0 
0.0 0.0 0.0 0.0 0.0 
0.0 0.0 0.0 0.0 0.0 
0.0 0.0 0.0 0.0 0.0 
0.0 0.0 0.0 0.0 0.0 
0.0 0.0 0.0 0.0 0.0 
0.0 0.0 0.0 0.0 0.0 
0.0 0.0 0.0 0.0 0.0 
0.0 0.0 0.0 0.0 0.0 
0.0 0.0 0.0 0.0 0.0 
0.0 0.0 0.0 0.0 0.0 
0.0 -0.142875 -0.06825 -0.10499487499999999 0.0 
-1.100349695989971 -1.106846296553843 -1.0899562749713365 -1.1071672021841612 0.0 
0.0 0.0 0.0 0.0 0.0 
0.0 0.0 0.0 0.0 0.0 
0.0 0.0 0.0 0.0 0.0 
0.0 0.0 0.0 0.0 0.0 
0.0 0.0 0.0 0.0 0.0 
0.0 0.0 0.0 0.0 0.0 
0.0 0.0 0.0 0.0 0.0 
0.0 0.0 0.0 0.0 0.0 
0.0 0.0 0.0 0.0 0.0 
0.0 0.0 0.0 0.0 0.0 
0.0 0.0 0.0 0.0 0.0 
0.0 0.0 0.0 0.0 0.0 
0.0 0.0 0.0 0.0 0.0 
0.0 0.0 0.0 0.0 0.0 
0.0 0.0 0.0 0.0 0.0 
0.0 0.0 0.0 0.0 0.0 
0.0 0.0 0.0 0.0 0.0 
0.0 0.0 0.0 0.0 0.0 
0.0 0.0 0.0 0.0 0.0 
0.0 0.0 0.0 0.0 0.0 
0.0 0.0 0.0 0.0 0.0 
0.0 0.0 0.0 0.0 0.0 
0.0 0.0 0.0 0.0 0.0 
-1.03599161067806 -1.0367425590308215 -1.0578863569136856 -1.0399530646102608 0.0 
0.0 0.0 0.0 0.0 0.0 
0.0 0.0 0.0 0.0 0.0 
0.0 0.0 0.0 0.0 0.0 
0.0 0.0 0.0 0.0 0.0 
0.0 0.0 0.0 0.0 0.0 
0.0 0.0 0.0 0.0 0.0 
0.0 0.0 0.0 0.0 0.0 
0.0 0.0 0.0 0.0 0.0 
0.0 0.0 0.0 0.0 0.0 
0.0 0.0 0.0 0.0 0.0 
0.0 0.0 0.0 0.0 0.0 
0.0 0.0 0.0 0.0 0.0 
0.0 0.0 0.0 0.0 0.0 
0.0 0.0 0.0 0.0 0.0 
0.0 0.0 0.0 0.0 0.0 
0.0 0.0 0.0 0.0 0.0 
0.0 0.0 0.0 0.0 0.0 
0.0 0.0 0.0 0.0 0.0 
0.0 0.0 0.0 0.0 0.0 
0.0 0.0 0.0 0.0 0.0 
0.0 0.0 0.0 0.0 0.0 
0.0 0.0 0.0 0.0 0.0 
0.0 -0.15910812500000002 -0.1491325 -0.13002838125 0.0 
-1.0510126570184086 -1.045558996438462 -1.0506923891199462 -1.0110531158915643 0.0 
0.0 0.0 0.0 0.0 0.0 
0.0 0.0 0.0 0.0 0.0 
0.0 0.0 0.0 0.0 0.0 
0.0 0.0 0.0 0.0 0.0 
0.0 0.0 0.0 0.0 0.0 
0.0 0.0 0.0 0.0 0.0 
0.0 0.0 0.0 0.0 0.0 
0.0 0.0 0.0 0.0 0.0 
0.0 0.0 0.0 0.0 0.0 
0.0 0.0 0.0 0.0 0.0 
0.0 0.0 0.0 0.0 0.0 
0.0 0.0 0.0 0.0 0.0 
0.0 0.0 0.0 0.0 0.0 
0.0 0.0 0.0 0.0 0.0 
0.0 0.0 0.0 0.0 0.0 
0.0 0.0 0.0 0.0 0.0 
0.0 0.0 0.0 0.0 0.0 
0.0 0.0 0.0 0.0 0.0 
0.0 0.0 0.0 0.0 0.0 
0.0 0.0 0.0 0.0 0.0 
0.0 0.0 0.0 0.0 0.0 
0.0 0.0 0.0 0.0 0.0 
0.0 -0.04000000000000001 -0.07825000000000001 -0.05822487141811778 0.0 
-0.9833524872805943 -1.005535898848913 -1.008416033479533 -0.890227275379022 0.0 
0.0 0.0 0.0 0.0 0.0 
0.0 0.0 0.0 0.0 0.0 
0.0 0.0 0.0 0.0 0.0 
0.0 0.0 0.0 0.0 0.0 
0.0 0.0 0.0 0.0 0.0 
0.0 0.0 0.0 0.0 0.0 
0.0 0.0 0.0 0.0 0.0 
0.0 0.0 0.0 0.0 0.0 
0.0 0.0 0.0 0.0 0.0 
0.0 0.0 0.0 0.0 0.0 
0.0 0.0 0.0 0.0 0.0 
0.0 0.0 0.0 0.0 0.0 
0.0 0.0 0.0 0.0 0.0 
0.0 0.0 0.0 0.0 0.0 
0.0 0.0 0.0 0.0 0.0 
0.0 0.0 0.0 0.0 0.0 
41.19167484961939 0.0 0.0 0.0 0.0 
0.0 0.0 0.0 0.0 0.0 
0.0 0.0 0.0 0.0 0.0 
0.0 0.0 0.0 0.0 0.0 
0.0 0.0 0.0 0.0 0.0 
0.0 0.0 0.0 0.0 0.0 
0.0 0.8318449875515987 0.45841810195896615 40.29111626612159 0.0 
1.3064209472206507 0.08573379304077298 0.08782077500127561 0.04099135409834224 0.0 
0.0 0.0 0.0 0.0 0.0 
0.0 0.0 0.0 0.0 0.0 
0.0 0.0 0.0 0.0 0.0 
0.0 0.0 0.0 0.0 0.0 
0.0 0.0 0.0 0.0 0.0 
0.0 0.0 0.0 0.0 0.0 
0.0 0.0 0.0 0.0 0.0 
0.0 0.0 0.0 0.0 0.0 
0.0 0.0 0.0 0.0 0.0 
0.0 0.0 0.0 0.0 0.0 
0.0 0.0 0.0 0.0 0.0 
0.0 0.0 0.0 0.0 0.0 
0.0 0.0 0.0 0.0 0.0 
0.0 0.0 0.0 0.0 0.0 
0.0 0.0 0.0 0.0 0.0 
0.0 0.0 0.0 0.0 0.0 
0.0 0.0 0.0 0.0 0.0 
0.0 0.0 0.0 0.0 0.0 
0.0 0.0 0.0 0.0 0.0 
0.0 0.0 0.0 0.0 0.0 
0.0 0.0 0.0 0.0 0.0 
0.0 0.0 0.0 0.0 0.0 
0.0 0.0 0.0 0.0 0.0 
0.6924429225503231 0.29020528741771207 0.3398188000437645 0.35958367527698953 0.0 
0.0 0.0 0.0 0.0 0.0 
0.0 0.0 0.0 0.0 0.0 
0.0 0.0 0.0 0.0 0.0 
0.0 0.0 0.0 0.0 0.0 
0.0 0.0 0.0 0.0 0.0 
0.0 0.0 0.0 0.0 0.0 
0.0 0.0 0.0 0.0 0.0 
0.0 0.0 0.0 0.0 0.0 
0.0 0.0 0.0 0.0 0.0 
0.0 0.0 0.0 0.0 0.0 
0.0 0.0 0.0 0.0 0.0 
0.0 0.0 0.0 0.0 0.0 
0.0 0.0 0.0 0.0 0.0 
0.0 0.0 0.0 0.0 0.0 
0.0 0.0 0.0 0.0 0.0 
0.0 0.0 0.0 0.0 0.0 
0.0 0.0 0.0 0.0 0.0 
0.0 0.0 0.0 0.0 0.0 
0.0 0.0 0.0 0.0 0.0 
0.0 0.0 0.0 0.0 0.0 
0.0 0.0 0.0 0.0 0.0 
0.0 0.0 0.0 0.0 0.0 
0.0 0.7637341775236514 0.07644095862711012 0.10433629386780519 0.0 
0.02158582083478803 0.0 0.0 0.373592031741107 0.0 
0.0 0.0 0.0 0.0 0.0 
0.0 0.0 0.0 0.0 0.0 
0.0 0.0 0.0 0.0 0.0 
0.0 0.0 0.0 0.0 0.0 
0.0 0.0 0.0 0.0 0.0 
0.0 0.0 0.0 0.0 0.0 
0.0 0.0 0.0 0.0 0.0 
0.0 0.0 0.0 0.0 0.0 
0.0 0.0 0.0 0.0 0.0 
0.0 0.0 0.0 0.0 0.0 
0.0 0.0 0.0 0.0 0.0 
0.0 0.0 0.0 0.0 0.0 
0.0 0.0 0.0 0.0 0.0 
0.0 0.0 0.0 0.0 0.0 
0.0 0.0 0.0 0.0 0.0 
0.0 0.0 0.0 0.0 0.0 
9.195325746236179 0.0 0.0 0.0 0.0 
0.0 0.0 0.0 0.0 0.0 
0.0 0.0 0.0 0.0 0.0 
0.0 0.0 0.0 0.0 0.0 
0.0 0.0 0.0 0.0 0.0 
0.0 0.0 0.0 0.0 0.0 
0.0 0.15524108227209654 0.8674156484339646 120.11301061921107 0.0 
0.634312719382287 0.0 0.0 0.0 0.0 
0.0 0.0 0.0 0.0 0.0 
0.0 0.0 0.0 0.0 0.0 
0.0 0.0 0.0 0.0 0.0 
0.0 0.0 0.0 0.0 0.0 
0.0 0.0 0.0 0.0 0.0 
0.0 0.0 0.0 0.0 0.0 
0.0 0.0 0.0 0.0 0.0 
0.0 0.0 0.0 0.0 0.0 
0.0 0.0 0.0 0.0 0.0 
0.0 0.0 0.0 0.0 0.0 
0.0 0.0 0.0 0.0 0.0 
0.0 0.0 0.0 0.0 0.0 
0.0 0.0 0.0 0.0 0.0 
0.0 0.0 0.0 0.0 0.0 
0.0 0.0 0.0 0.0 0.0 
0.0 0.0 0.0 0.0 0.0 
